
### core_only
           sym      label  net_pct    cagr  max_dd  sharpe     pf     net_core  net_ov  gross_core  gross_ov  costs_exec        swap  n_core  n_ov  wr_ov  dur_core_d  dur_ov_d
0      EUR_USD  core_only   0.0208  0.0013  0.0569  0.0798 1.1528   2,108.3073  0.0000  4,331.0351    0.0000    153.4391 -2,069.2886      38     0    NaN     61.3476       NaN
1      GBP_USD  core_only  -0.0747 -0.0050  0.0923 -0.2827 0.6043  -7,467.1473  0.0000 -5,205.6131    0.0000    192.4954 -2,069.0388      43     0    NaN     52.5417       NaN
2      AUD_USD  core_only   0.0496  0.0032  0.0551  0.1578 1.3367   4,961.4459  0.0000  6,100.4060    0.0000    193.8742   -945.0859      38     0    NaN     65.8279       NaN
3      USD_CAD  core_only   0.0419  0.0027  0.0898  0.1331 1.2661   4,185.7772  0.0000  7,380.7043    0.0000    238.0750 -2,956.8521      38     0    NaN     59.7456       NaN
4      EUR_JPY  core_only   0.0383  0.0025  0.0444  0.1365 1.3199   3,927.0989  0.0000  4,641.7102    0.0000    137.7463   -576.8649      35     0    NaN     61.7571       NaN
5      AUD_JPY  core_only  -0.0001 -0.0000  0.0981  0.0101 0.9995      -7.6626  0.0000 -1,260.4297    0.0000    193.8032  1,446.5703      42     0    NaN     51.1667       NaN
6      XAU_USD  core_only   0.0212  0.0015  0.0720  0.0825 1.1476   2,114.2452  0.0000  5,611.0521    0.0000    192.8390 -3,303.9679      39     0    NaN     49.3846       NaN
7   NAS100_USD  core_only   0.0493  0.0031  0.0592  0.1759 1.3151   4,928.7448  0.0000  9,109.7151    0.0000    591.9891 -3,588.9812      45     0    NaN     64.9130       NaN
8   SPX500_USD  core_only   0.0391  0.0025  0.0530  0.1469 1.2949   3,911.0049  0.0000  7,747.0471    0.0000    545.2925 -3,290.7497      42     0    NaN     66.0754       NaN
9    UK100_GBP  core_only  -0.1199 -0.0083  0.1384 -0.4089 0.3480 -11,985.1287  0.0000 -9,977.4856    0.0000    284.7084 -1,722.9347      44     0    NaN     55.5114       NaN
10   JP225_USD  core_only   0.0432  0.0028  0.0678  0.1389 1.2444   4,324.4503  0.0000  7,700.7360    0.0000    629.6986 -2,746.5871      43     0    NaN     53.6085       NaN
11   WTICO_USD  core_only   0.0446  0.0028  0.0856  0.1469 1.2332   4,411.5240  0.0000  7,235.9524    0.0000    313.8812 -2,510.5471      42     0    NaN     55.7470       NaN

### core+overlay
           sym         label  net_pct    cagr  max_dd  sharpe     pf     net_core      net_ov  gross_core    gross_ov  costs_exec        swap  n_core  n_ov  wr_ov  dur_core_d  dur_ov_d
12     EUR_USD  core+overlay   0.0166  0.0011  0.0668  0.0673 1.0822   2,178.2925   -488.6967  4,416.8241    -16.2467    400.4997 -2,310.4818      38   145 0.3931     61.3476    3.5928
13     GBP_USD  core+overlay  -0.0942 -0.0064  0.1153 -0.3763 0.6191  -7,404.5065 -2,014.6195 -5,150.9547 -1,568.1300    490.4846 -2,209.5569      43   155 0.4065     52.5417    3.3626
14     AUD_USD  core+overlay   0.0524  0.0033  0.0405  0.1710 1.2288   4,982.9123    253.1932  6,114.5912    978.0126    551.9410 -1,304.5573      38   174 0.4368     65.8279    3.8654
15     USD_CAD  core+overlay  -0.0014 -0.0001  0.0968  0.0061 0.9941   4,076.0345 -4,215.6177  7,207.5520 -3,627.0860    653.8992 -3,066.1501      38   146 0.3288     59.7456    3.1144
16     EUR_JPY  core+overlay   0.0262  0.0017  0.0423  0.0993 1.1455   3,916.2029 -1,198.9970  4,627.0020   -800.1982    349.1592   -760.4387      35   134 0.4104     61.7571    3.3818
17     AUD_JPY  core+overlay  -0.0117 -0.0008  0.1107 -0.0265 0.9517      35.3961 -1,207.7422 -1,217.3620   -642.0819    453.6789  1,140.7767      42   144 0.4236     51.1667    3.5642
18     XAU_USD  core+overlay   0.0106  0.0007  0.0679  0.0469 1.0580   2,099.4445 -1,048.9977  5,569.5005   -731.6973    385.3657 -3,401.9907      39    97 0.4330     49.3846    3.7290
19  NAS100_USD  core+overlay   0.0255  0.0016  0.0739  0.0981 1.1129   4,859.7493 -2,309.3125  8,986.8020 -1,301.7609  1,372.9351 -3,761.6694      45   142 0.3732     64.9130    3.4416
20  SPX500_USD  core+overlay   0.0125  0.0008  0.0700  0.0549 1.0618   3,802.7977 -2,552.9509  7,597.1616 -1,526.1701  1,290.8393 -3,530.3055      42   142 0.3592     66.0754    3.0414
21   UK100_GBP  core+overlay  -0.1460 -0.0102  0.1646 -0.5220 0.3993 -11,668.2223 -2,934.8623 -9,676.3062 -2,296.4588    560.8632 -2,069.4565      44   113 0.3009     55.5114    4.0251
22   JP225_USD  core+overlay   0.0272  0.0017  0.0664  0.0928 1.1110   4,336.8310 -1,621.8178  7,691.3940   -710.5009  1,338.1404 -2,927.7395      43   126 0.4048     53.6085    3.7927
23   WTICO_USD  core+overlay   0.0336  0.0022  0.0939  0.1173 1.1335   4,346.5470   -988.4639  7,139.1863   -378.1746    780.7286 -2,622.2001      42   149 0.4430     55.7470    3.4614

### overlay_alone
           sym          label  net_pct    cagr  max_dd  sharpe     pf  net_core      net_ov  gross_core    gross_ov  costs_exec      swap  n_core  n_ov  wr_ov  dur_core_d  dur_ov_d
24     EUR_USD  overlay_alone  -0.0044 -0.0003  0.0333 -0.0659 0.9332    0.0000   -438.6067      0.0000     25.3124    242.1162 -221.8029       0   145 0.3931         NaN    3.5928
25     GBP_USD  overlay_alone  -0.0212 -0.0014  0.0290 -0.4020 0.6578    0.0000 -2,122.2545      0.0000 -1,655.6677    311.7535 -154.8333       0   155 0.4065         NaN    3.3626
26     AUD_USD  overlay_alone   0.0020  0.0001  0.0274  0.0276 1.0244    0.0000    197.0145      0.0000    904.5263    350.6591 -356.8527       0   174 0.4368         NaN    3.8654
27     USD_CAD  overlay_alone  -0.0428 -0.0028  0.0434 -0.7398 0.4854    0.0000 -4,284.1538      0.0000 -3,701.4584    418.7175 -163.9779       0   146 0.3288         NaN    3.1144
28     EUR_JPY  overlay_alone  -0.0123 -0.0008  0.0177 -0.1938 0.8085    0.0000 -1,228.1918      0.0000   -834.1697    209.6203 -184.4018       0   134 0.4104         NaN    3.3818
29     AUD_JPY  overlay_alone  -0.0119 -0.0008  0.0234 -0.1729 0.8395    0.0000 -1,192.0455      0.0000   -628.3430    260.3471 -303.3555       0   144 0.4236         NaN    3.5642
30     XAU_USD  overlay_alone  -0.0106 -0.0008  0.0173 -0.2388 0.7286    0.0000 -1,059.2757      0.0000   -743.7903    193.6944 -121.7911       0    97 0.4330         NaN    3.7290
31  NAS100_USD  overlay_alone  -0.0228 -0.0015  0.0335 -0.3359 0.6777    0.0000 -2,283.0158      0.0000 -1,284.3793    780.7600 -217.8765       0   142 0.3732         NaN    3.4416
32  SPX500_USD  overlay_alone  -0.0256 -0.0017  0.0406 -0.3448 0.6391    0.0000 -2,555.6156      0.0000 -1,534.0103    748.7754 -272.8299       0   142 0.3592         NaN    3.0414
33   UK100_GBP  overlay_alone  -0.0297 -0.0020  0.0350 -0.4707 0.5478    0.0000 -2,971.0144      0.0000 -2,303.7983    295.2673 -371.9488       0   113 0.3009         NaN    4.0251
34   JP225_USD  overlay_alone  -0.0159 -0.0010  0.0184 -0.2494 0.7594    0.0000 -1,585.9903      0.0000   -719.5933    679.6474 -186.7496       0   126 0.4048         NaN    3.7927
35   WTICO_USD  overlay_alone  -0.0107 -0.0007  0.0273 -0.1557 0.8429    0.0000 -1,023.0292      0.0000   -414.0150    470.0736 -138.9406       0   149 0.4430         NaN    3.4614

### naive_hedge
           sym        label  net_pct    cagr  max_dd  sharpe     pf     net_core      net_ov  gross_core    gross_ov  costs_exec        swap  n_core  n_ov  wr_ov  dur_core_d  dur_ov_d
36     EUR_USD  naive_hedge   0.0174  0.0011  0.0698  0.0718 1.0640   2,236.1226   -480.7517  4,488.7775    523.8371    745.6427 -2,511.6011      38   330 0.3758     61.3476    2.9862
37     GBP_USD  naive_hedge  -0.0862 -0.0059  0.1042 -0.3548 0.7101  -7,394.5805 -1,229.9047 -5,145.6924   -294.5305    829.6488 -2,354.6136      43   325 0.3969     52.5417    2.8605
38     AUD_USD  naive_hedge   0.0457  0.0029  0.0529  0.1550 1.1660   5,004.2749   -430.9085  6,127.8956    819.9796    881.2421 -1,493.2667      38   313 0.3802     65.8279    3.2099
39     USD_CAD  naive_hedge   0.0079  0.0005  0.0908  0.0350 1.0285   4,045.2337 -3,252.0692  7,178.5492 -2,215.4935  1,011.2776 -3,158.6137      38   263 0.3726     59.7456    3.0586
40     EUR_JPY  naive_hedge   0.0177  0.0011  0.0463  0.0719 1.0811   3,940.5710 -2,078.3919  4,652.8369 -1,355.5564    568.8707   -866.2308      35   256 0.3438     61.7571    2.9354
41     AUD_JPY  naive_hedge  -0.0201 -0.0013  0.1161 -0.0562 0.9338      68.1833 -2,083.0950 -1,189.3452   -968.7513    817.0337    960.2185      42   334 0.3743     51.1667    3.0240
42     XAU_USD  naive_hedge   0.0342  0.0024  0.0624  0.1331 1.1541   2,128.9287  1,277.2304  5,655.4384  2,025.8475    651.2659 -3,623.8608      39   225 0.4178     49.3846    3.4015
43  NAS100_USD  naive_hedge  -0.0072 -0.0005  0.0781 -0.0174 0.9742   4,752.7076 -5,471.1404  8,816.3281 -3,736.5531  2,030.1045 -3,768.1032      45   250 0.3160     64.9130    2.9563
44  SPX500_USD  naive_hedge  -0.0008 -0.0001  0.0666  0.0052 0.9965   3,777.5574 -3,859.2100  7,540.5351 -2,357.2483  1,665.1746 -3,599.7648      42   211 0.3460     66.0754    2.9220
45   UK100_GBP  naive_hedge  -0.1679 -0.0119  0.1822 -0.6458 0.4950 -11,406.2146 -5,383.8633 -9,430.9431 -3,931.9477    971.5757 -2,455.6113      44   279 0.3513     55.5114    4.0137
46   JP225_USD  naive_hedge   0.0024  0.0002  0.0719  0.0175 1.0076   4,379.2094 -4,140.9758  7,691.5894 -2,225.7000  2,191.3498 -3,036.3060      43   274 0.3796     53.6085    3.4840
47   WTICO_USD  naive_hedge   0.0475  0.0030  0.0763  0.1647 1.1665   4,413.7449    309.7414  7,215.9162  1,223.8860  1,059.2342 -2,657.0817      42   233 0.4549     55.7470    3.4546

### naive_alone
           sym        label  net_pct    cagr  max_dd  sharpe     pf  net_core      net_ov  gross_core    gross_ov  costs_exec      swap  n_core  n_ov  wr_ov  dur_core_d  dur_ov_d
48     EUR_USD  naive_alone  -0.0039 -0.0003  0.0384 -0.0397 0.9692    0.0000   -407.9293      0.0000    576.5603    579.3320 -405.1576       0   330 0.3758         NaN    2.9862
49     GBP_USD  naive_alone  -0.0131 -0.0009  0.0229 -0.1663 0.8853    0.0000 -1,313.1272      0.0000   -335.1293    666.7508 -311.2471       0   325 0.3969         NaN    2.8605
50     AUD_USD  naive_alone  -0.0042 -0.0003  0.0363 -0.0383 0.9665    0.0000   -424.1892      0.0000    795.8890    673.5411 -546.5371       0   313 0.3802         NaN    3.2099
51     USD_CAD  naive_alone  -0.0338 -0.0022  0.0469 -0.3690 0.7273    0.0000 -3,378.8646      0.0000 -2,348.6858    776.0154 -254.1634       0   263 0.3726         NaN    3.0586
52     EUR_JPY  naive_alone  -0.0206 -0.0014  0.0283 -0.2572 0.8049    0.0000 -2,062.3223      0.0000 -1,351.1896    424.1391 -286.9935       0   256 0.3438         NaN    2.9354
53     AUD_JPY  naive_alone  -0.0209 -0.0014  0.0377 -0.2229 0.8470    0.0000 -2,085.9852      0.0000   -973.8863    625.0738 -487.0251       0   334 0.3743         NaN    3.0240
54     XAU_USD  naive_alone   0.0125  0.0009  0.0118  0.1643 1.1628    0.0000  1,248.0663      0.0000  1,993.9197    455.9553 -289.8981       0   225 0.4178         NaN    3.4015
55  NAS100_USD  naive_alone  -0.0543 -0.0036  0.0657 -0.6158 0.5700    0.0000 -5,428.4757      0.0000 -3,703.7195  1,446.3357 -278.4206       0   250 0.3160         NaN    2.9563
56  SPX500_USD  naive_alone  -0.0385 -0.0026  0.0462 -0.4851 0.6168    0.0000 -3,853.6160      0.0000 -2,358.3353  1,127.5526 -367.7282       0   211 0.3460         NaN    2.9220
57   UK100_GBP  naive_alone  -0.0549 -0.0037  0.0618 -0.5144 0.6614    0.0000 -5,489.8957      0.0000 -3,974.1458    728.6833 -787.0667       0   279 0.3513         NaN    4.0137
58   JP225_USD  naive_alone  -0.0405 -0.0027  0.0453 -0.3751 0.7008    0.0000 -4,053.4386      0.0000 -2,222.4843  1,509.6967 -321.2576       0   274 0.3796         NaN    3.4840
59   WTICO_USD  naive_alone   0.0021  0.0001  0.0270  0.0275 1.0243    0.0000    233.7516      0.0000  1,144.4328    745.1585 -165.5227       0   233 0.4549         NaN    3.4546

### Somma su 12 strumenti (100k ciascuno)
               net_profit  gross_core  gross_ov  net_core  net_ov  costs_exec    swap
label                                                                                
core+overlay       -4,879      43,305   -12,620    15,561 -20,329       8,629 -26,824
core_only          15,345      43,415         0    15,413       0       3,668 -24,334
naive_alone       -27,026           0   -12,757         0 -27,016       9,758  -4,501
naive_hedge       -10,953      43,602   -12,492    15,946 -26,823      13,422 -28,565
overlay_alone     -20,591           0   -12,889         0 -20,546       4,961  -2,695
