--- HARVEST (rischio 1%/sleeve)
  net_pct                  0.0265
  cagr                     0.0017
  daily_mean               0.0000
  monthly_mean             0.0001
  sharpe                   0.6124
  max_dd                   0.0062
  avg_dd                   0.0017
  pos_days                 0.3730
  best_day                 0.0011
  worst_day               -0.0016
  mar                      0.2760
  pos_months               0.5870
  gross_core          49,418.3963
  gross_ov               618.7110
  exec_core           13,934.6058
  exec_ov                 15.4304
  spread               6,543.0974
  comm                 1,805.1607
  slip                 5,601.7781
  swap_core           -4,320.6388
  swap_ov                  0.0000
  n_trades                   1762
  n_core                     1753
  n_ov                          9
  win_rate                 0.6879
  pf                       1.2597
  payoff                   0.5717
  recovery                 4.2241
  net_core            31,163.1517
  net_ov                 603.2806
  gross_to_cost            2.7387
  core: n=1753 media R=+0.020 t=+3.55 p=0.0004
  ov: n=7 media R=+0.436 t=+0.97 p=0.3672
           sym  net_pct  max_dd  sharpe    pf  win_rate  payoff   net_core   net_ov  costs_exec       swap  n_core  dur_core_d
0      EUR_USD    0.004   0.053   0.033 1.051     0.633   0.610    390.876  -31.740     574.688   -312.277     146       3.383
1      GBP_USD   -0.002   0.032  -0.017 1.007     0.675   0.486   -599.020  370.246     583.443   -311.773     124       3.012
2      AUD_USD    0.040   0.020   0.360 1.351     0.738   0.480  3,464.389  493.358     652.217    -80.157     143       2.602
3      USD_CAD    0.019   0.025   0.169 1.209     0.667   0.604  2,168.989 -267.242     770.001   -337.538     134       3.032
4      EUR_JPY   -0.010   0.027  -0.086 0.911     0.609   0.584   -971.103  -64.039     491.210     15.744     126       3.037
5      AUD_JPY    0.021   0.017   0.180 1.157     0.689   0.521  2,052.996    0.000     589.686    345.931     132       2.939
6      XAU_USD    0.117   0.010   1.193 3.896     0.803   0.954 11,732.904    0.000     614.602   -425.815     122       2.529
7   NAS100_USD    0.076   0.014   0.553 1.658     0.759   0.526  7,581.600    0.000   2,698.210 -1,026.079     195       4.223
8   SPX500_USD    0.014   0.028   0.110 1.164     0.683   0.541  1,411.704    0.000   2,603.537 -1,007.733     186       4.703
9    UK100_GBP   -0.042   0.054  -0.327 0.714     0.603   0.470 -4,193.793    0.000     935.609   -208.260     131       4.101
10   JP225_USD    0.031   0.024   0.236 1.290     0.671   0.633  3,110.198    0.000   2,421.130   -517.823     161       3.040
11   WTICO_USD    0.051   0.025   0.421 1.539     0.701   0.656  5,013.412  102.698   1,015.704   -454.860     153       3.115
   risk_sleeve  risk_capitale  daily_mean  monthly_mean    cagr  max_dd  sharpe  worst_day  best_day  max_gross_lev
0      0.01000        0.00083     0.00001       0.00014 0.00170 0.00617 0.61241   -0.00161   0.00111        0.71005
1      0.04000        0.00333     0.00003       0.00060 0.00712 0.02373 0.64129   -0.00639   0.00445        2.85744
2      0.08000        0.00667     0.00006       0.00127 0.01513 0.04488 0.68100   -0.01257   0.00887        5.76151
3      0.16000        0.01333     0.00013       0.00293 0.03458 0.08146 0.76064   -0.02457   0.01756       11.71417
4      0.32000        0.02667     0.00036       0.00783 0.09164 0.16800 0.85940   -0.07802   0.07023       22.96554
