### IN-SAMPLE 2005-2012: overlay stand-alone, somma 12 strumenti x 100k, rischio principale virtuale 1%
                          net   gross  costs   swap     n  pos_instr  net_per_trade
label                                                                              
n120_ema_k4_x0.5_tp0    2,411   4,094    542 -1,199   161          7             15
n120_d1_k4_x0.5_tp0     2,399   4,098    543 -1,213   162          7             15
n120_none_k4_x0.5_tp0   2,399   4,098    543 -1,213   162          7             15
n120_ema_k2_x0.5_tp0    2,378   3,923    667   -933   200          7             12
n120_none_k2_x0.5_tp0   2,240   3,787    668   -933   201          7             11
n120_d1_k2_x0.5_tp0     2,240   3,787    668   -933   201          7             11
n120_ema_k4_x0.5_tp2    1,385   2,852    527   -997   204          7              7
n120_d1_k4_x0.5_tp2     1,374   2,855    528 -1,010   205          7              7
n120_none_k4_x0.5_tp2   1,374   2,855    528 -1,010   205          7              7
n120_ema_k2_x1.0_tp0    1,040   2,758    666 -1,106   200          6              5
n120_d1_k4_x1.0_tp2     1,023   2,754    526 -1,262   215          6              5
n120_none_k4_x1.0_tp2   1,023   2,754    526 -1,262   215          6              5
n120_none_k2_x1.0_tp0     902   2,622    668 -1,106   201          6              4
n120_d1_k2_x1.0_tp0       902   2,622    668 -1,106   201          6              4
n120_d1_k4_x1.0_tp0       823   2,857    540 -1,550   162          7              5
n120_none_k4_x1.0_tp0     823   2,857    540 -1,550   162          7              5
n120_ema_k4_x1.0_tp2      458   2,150    524 -1,224   213          6              2
n120_ema_k4_x1.0_tp0      209   2,202    538 -1,512   161          7              1
n120_ema_k2_x0.5_tp2      136   1,406    651   -672   261          6              1
n120_d1_k2_x0.5_tp2        -2   1,269    653   -672   262          6             -0
n120_none_k2_x0.5_tp2      -2   1,269    653   -672   262          6             -0
n120_ema_k2_x1.0_tp2     -780     588    651   -771   261          5             -3
n120_d1_k2_x1.0_tp2      -918     451    652   -771   262          5             -4
n120_none_k2_x1.0_tp2    -918     451    652   -771   262          5             -4
n20_d1_k4_x0.5_tp2     -4,938    -250  2,992 -1,708   884          4             -6
n20_d1_k4_x0.5_tp0     -6,268  -1,473  3,011 -1,795   829          4             -8
n20_ema_k4_x0.5_tp2    -8,108  -4,667  2,247 -1,205   699          1            -12
n20_d1_k4_x1.0_tp2     -9,112  -3,729  2,705 -2,801   824          4            -11
n20_ema_k4_x0.5_tp0    -9,301  -5,794  2,261 -1,257   660          1            -14
n20_d1_k2_x0.5_tp2     -9,344  -4,043  3,578 -1,726  1226          2             -8
n60_ema_k2_x1.0_tp0    -9,817  -5,711  1,871 -2,346   541          5            -18
n20_d1_k4_x1.0_tp0    -10,251  -4,588  2,735 -3,050   734          4            -14
n20_none_k4_x0.5_tp2  -10,276  -3,715  4,278 -2,294  1265          5             -8
n20_d1_k2_x0.5_tp0    -10,311  -4,726  3,628 -1,961  1006          2            -10
n60_ema_k2_x1.0_tp2   -10,714  -7,266  1,842 -1,688   703          2            -15
n20_ema_k2_x0.5_tp2   -10,910  -7,063  2,647 -1,202   948          3            -12
n20_ema_k2_x1.0_tp0   -11,023  -6,396  2,616 -2,126   762          3            -14
n20_ema_k2_x1.0_tp2   -11,235  -7,033  2,577 -1,710   982          3            -11
n20_ema_k2_x0.5_tp0   -11,718  -7,680  2,685 -1,356   791          2            -15
n60_ema_k2_x0.5_tp2   -11,833  -8,714  1,853 -1,349   686          1            -17
n60_none_k2_x1.0_tp2  -12,059  -8,358  1,963 -1,820   747          2            -16
n20_d1_k2_x1.0_tp2    -12,108  -6,262  3,498 -2,434  1277          3             -9
n20_none_k4_x0.5_tp0  -12,122  -5,422  4,303 -2,409  1189          4            -10
n20_ema_k4_x1.0_tp2   -12,149  -8,191  2,045 -1,981   655          3            -19
n60_ema_k2_x0.5_tp0   -12,171  -8,664  1,879 -1,739   541          1            -22
n20_ema_k4_x1.0_tp0   -12,394  -8,220  2,069 -2,173   588          4            -21
n60_none_k2_x1.0_tp0  -12,413  -7,993  1,993 -2,538   573          4            -22
n60_d1_k2_x1.0_tp2    -12,569  -8,883  1,950 -1,819   735          1            -17
n60_ema_k4_x1.0_tp2   -12,614  -8,438  1,393 -2,847   497          2            -25
n60_none_k2_x0.5_tp2  -12,823  -9,480  1,976 -1,450   729          1            -18
n60_d1_k2_x0.5_tp2    -13,039  -9,709  1,963 -1,450   717          1            -18
n60_d1_k4_x1.0_tp2    -13,087  -8,578  1,487 -3,087   519          2            -25
n60_d1_k2_x1.0_tp0    -13,184  -8,774  1,980 -2,541   566          2            -23
n20_d1_k2_x1.0_tp0    -13,413  -7,028  3,542 -2,958   971          3            -14
n60_d1_k4_x0.5_tp2    -13,426  -9,946  1,571 -1,974   499          1            -27
n60_ema_k4_x0.5_tp2   -13,445 -10,180  1,478 -1,851   481          1            -28
n60_none_k4_x1.0_tp2  -13,548  -8,995  1,502 -3,116   527          2            -26
n60_ema_k4_x1.0_tp0   -13,576  -8,944  1,418 -3,279   405          4            -34
n60_none_k2_x0.5_tp0  -13,925 -10,154  2,005 -1,876   574          2            -24
n60_none_k4_x0.5_tp2  -13,930 -10,403  1,586 -2,005   507          1            -27
n60_d1_k2_x0.5_tp0    -14,112 -10,348  1,992 -1,882   567          2            -25
n60_ema_k4_x0.5_tp0   -14,590 -11,136  1,494 -2,025   422          1            -35
n60_d1_k4_x0.5_tp0    -14,727 -11,047  1,588 -2,157   439          1            -34
n60_d1_k4_x1.0_tp0    -15,160 -10,161  1,511 -3,552   422          2            -36
n60_none_k4_x0.5_tp0  -15,281 -11,555  1,602 -2,188   446          1            -34
n20_none_k4_x1.0_tp2  -15,349  -7,878  3,827 -3,764  1178          3            -13
n60_none_k4_x1.0_tp0  -15,655 -10,613  1,525 -3,581   429          1            -36
n20_none_k4_x1.0_tp0  -17,582  -9,744  3,868 -4,092  1047          4            -17
n20_none_k2_x0.5_tp2  -17,870 -10,316  5,240 -2,326  1814          3            -10
n20_none_k2_x0.5_tp0  -19,458 -11,550  5,262 -2,657  1455          1            -13
n20_none_k2_x1.0_tp2  -21,161 -12,943  5,071 -3,269  1880          4            -11
n20_none_k2_x1.0_tp0  -23,986 -15,038  5,068 -4,003  1382          5            -17

Configurazioni con netto IS > 0: 19 su 72
Configurazioni con LORDO IS > 0: 24 su 72

### TOP-5 IS verificate su VALIDAZIONE e OUT-OF-SAMPLE (nessuna ri-ottimizzazione)
                             net  gross  costs   swap    n  pos_instr
label                                                                
n120_ema_k4_x0.5_tp0|VAL  -7,026 -5,489    387 -1,150  104          4
n120_ema_k4_x0.5_tp0|OOS     760  1,723    221   -757   63          6
n120_d1_k4_x0.5_tp0|VAL   -7,026 -5,489    387 -1,150  104          4
n120_d1_k4_x0.5_tp0|OOS      760  1,723    221   -757   63          6
n120_none_k4_x0.5_tp0|VAL -7,026 -5,489    387 -1,150  104          4
n120_none_k4_x0.5_tp0|OOS    760  1,723    221   -757   63          6
n120_ema_k2_x0.5_tp0|VAL  -5,622 -4,527    437   -658  118          3
n120_ema_k2_x0.5_tp0|OOS     762  1,487    251   -479   73          7
n120_none_k2_x0.5_tp0|VAL -5,622 -4,527    437   -658  118          3
n120_none_k2_x0.5_tp0|OOS    762  1,487    251   -479   73          7
