                            net_profit  net_core  net_ov  gross_ov  costs_exec    swap  n_ov
variant             period                                                                  
V0_core_only        IS            -119       139       0         0       1,895 -10,683     0
                    OOS          6,317     6,364       0         0         800  -6,589     0
                    VAL          7,378     7,121       0         0       1,070  -6,890     0
V1_H4_hedge         IS          -9,748       366  -9,861    -6,121       4,366 -11,930   838
                    OOS          4,703     6,398  -1,655       -25       1,806  -7,211   341
                    VAL         -1,006     7,176  -8,507    -6,272       2,521  -7,633   465
V2_D1ov_both        IS           1,487       256   1,432     2,959       2,424 -11,687   204
                    OOS          7,912     6,316   1,628     2,483       1,019  -7,223    83
                    VAL          1,776     7,316  -5,792    -4,399       1,453  -7,879   126
V3_D1ov_rebound_net IS           2,410       231   2,436     2,613       2,074 -10,624    86
                    OOS          6,289     6,291      31       113         883  -6,671    32
                    VAL          8,527     7,089   1,179     1,238       1,128  -6,921    33
V4_D1ov_edge_net    IS           2,096      -136   2,433     2,961       2,425 -11,081   204
                    OOS          8,205     5,972   2,264     2,483       1,020  -6,934    83
                    VAL          2,172     6,708  -4,788    -4,400       1,454  -7,481   126
V5_H4_edge_net      IS          -6,109       432  -6,284    -4,860       3,313 -10,464   461
                    OOS          3,613     6,565  -2,912    -2,051       1,661  -6,422   280
                    VAL            269     7,264  -7,303    -6,325       2,043  -6,757   299
