                                  net       gross      costs        swap         n  pos_instr  maxdd_avg
variant            period                                                                               
D1_risk_both_cap3  FULL    -7,177.454   2,745.209  3,018.513  -7,015.614   420.000          3      0.047
                   IS       5,242.499   9,200.315  1,428.605  -2,694.016   204.000          6      0.028
                   OOS      2,986.484   5,035.838    535.121  -1,547.399    83.000          6      0.013
                   VAL    -15,440.889 -11,815.780  1,006.260  -2,618.849   126.000          3      0.026
D1_risk_short_cap3 FULL    11,225.922  13,355.670    886.540  -1,359.365   154.000         10      0.017
                   IS       7,806.298   8,664.592    507.128    -363.735    86.000          7      0.014
                   OOS       -500.527     222.622    215.776    -540.631    32.000          6      0.006
                   VAL      2,971.617   3,434.771    151.144    -312.010    33.000          6      0.007
H4_frac_both       FULL   -20,590.818 -12,889.386  4,961.432  -2,695.361 1,667.000          1      0.029
                   IS      -9,925.663  -6,200.127  2,473.163  -1,255.401   838.000          1      0.016
                   OOS     -1,735.962    -108.657  1,008.114    -626.332   341.000          4      0.009
                   VAL     -8,466.105  -6,317.215  1,450.314    -775.525   465.000          3      0.013
H4_risk_both_cap1  FULL   -35,738.647 -22,172.532  8,803.165  -4,719.137 1,499.000          0      0.051
                   IS     -18,727.377 -12,129.542  4,439.273  -2,164.501   751.000          2      0.030
                   OOS       -207.398   2,728.163  1,800.901  -1,141.832   313.000          6      0.015
                   VAL    -15,706.358 -11,932.460  2,553.498  -1,374.310   413.000          2      0.022
H4_risk_both_cap3  FULL   -70,761.982 -41,937.175 18,638.945 -10,056.782 1,651.000          1      0.097
                   IS     -33,835.065 -19,584.118  9,558.224  -4,710.333   830.000          1      0.060
                   OOS    -11,181.252  -5,044.556  3,807.610  -2,350.787   340.000          3      0.031
                   VAL    -24,653.675 -16,699.806  5,406.303  -2,977.919   458.000          2      0.042
H4_risk_long_cap3  FULL   -66,910.031 -46,276.505 12,641.106  -7,992.419   989.000          0      0.079
                   IS     -33,328.942 -22,995.791  6,182.995  -4,150.156   490.000          1      0.047
                   OOS     -7,667.042  -4,152.263  2,282.254  -1,232.524   185.000          6      0.021
                   VAL    -24,460.874 -17,718.275  4,201.837  -2,654.747   300.000          2      0.037
H4_risk_short_cap3 FULL    -3,971.315   4,474.167  6,195.149  -2,113.465   662.000          7      0.041
                   IS        -355.505   3,568.798  3,392.537    -550.201   340.000          6      0.027
                   OOS     -3,574.891    -947.395  1,526.629  -1,122.493   155.000          5      0.018
                   VAL       -184.641   1,052.008  1,220.998    -328.427   158.000          4      0.015
