           scenario periodo  net_pct  sharpe  max_dd   gross_core        exec         swap  n_core  tempo_in_mercato  strumenti_pos
0     nessun target      IS   0.0002  0.0217  0.1116  40,158.1971  8,386.7110 -41,676.7806     248            0.4342              8
1     nessun target     VAL   0.0265  0.2070  0.0626  58,814.1314  4,595.3453 -27,951.4966     139            0.4700              7
2     nessun target     OOS   0.0191  0.1787  0.0733  53,108.4527  3,526.0504 -27,030.0870     110            0.4317              7
3     nessun target    FULL   0.0490  0.0973  0.1116 156,154.1878 16,352.6315 -98,162.6604     489            0.4488              9
4    close_all 0.5%      IS   0.0414  0.4364  0.0213  86,280.4166 28,935.3311  -8,090.0537     883            0.0721              7
5    close_all 0.5%     VAL   0.0181  0.4019  0.0250  38,439.4441 14,081.3507  -4,634.2150     466            0.0970              8
6    close_all 0.5%     OOS   0.0375  1.0533  0.0160  60,689.0692 12,277.1670  -5,304.1994     386            0.0768              7
7    close_all 0.5%    FULL   0.1093  0.6012  0.0244 201,673.9045 56,721.4110 -18,796.1476    1736            0.0795              8
8   close_all 0.25%      IS   0.0294  0.4709  0.0157  73,173.3374 34,030.2353  -3,825.3329     993            0.0311              8
9   close_all 0.25%     VAL   0.0029  0.0906  0.0185  21,407.7445 16,658.9356  -1,871.1096     542            0.0373              6
10  close_all 0.25%     OOS   0.0118  0.4522  0.0117  29,853.4422 14,131.8870  -2,404.1562     445            0.0334              9
11  close_all 0.25%    FULL   0.0494  0.4030  0.0173 132,054.9857 66,036.4743  -8,286.2409    1982            0.0331              7
12     close_all 1%      IS  -0.0152 -0.0705  0.0656  11,233.4097 18,767.9499 -16,210.7988     593            0.2304              5
13     close_all 1%     VAL   0.0190  0.2413  0.0344  44,456.1873  9,191.7138 -12,153.2292     310            0.2615              8
14     close_all 1%     OOS   0.0368  0.5593  0.0290  66,507.5285  7,413.2651 -14,347.0760     243            0.2357              7
15     close_all 1%    FULL   0.0565  0.1737  0.0656 142,675.6129 35,431.2674 -43,967.6816    1141            0.2412              6
