                           regola periodo  net_pct    cagr  sharpe  max_dd       lordo        esec         swap     n  in_mercato  strum_pos
0             base (tenuta lunga)      IS   0.0020  0.0003  0.0276  0.0292 12,751.3230  1,896.4065 -10,624.0446   248      0.4342          8
1             base (tenuta lunga)     VAL   0.0071  0.0018  0.2067  0.0160 15,080.5063  1,069.9615  -6,921.4572   139      0.4700          7
2             base (tenuta lunga)     OOS   0.0052  0.0016  0.1776  0.0190 13,761.7765    800.2512  -6,670.7157   110      0.4317          7
3             base (tenuta lunga)    FULL   0.0161  0.0010  0.1063  0.0292 43,596.9392  3,674.2370 -24,461.2124   489      0.4488         10
4            uscita dopo 1 giorno      IS  -0.0080 -0.0010 -0.4789  0.0114    575.7864  9,071.2959  -1,114.9055  1077      0.0440          4
5            uscita dopo 1 giorno     VAL  -0.0020 -0.0005 -0.2404  0.0045  2,982.4693  4,727.5538    -631.2656   602      0.0486          5
6            uscita dopo 1 giorno     OOS   0.0030  0.0009  0.4068  0.0022  8,215.4980  3,791.1728    -835.7185   480      0.0461          9
7            uscita dopo 1 giorno    FULL  -0.0060 -0.0004 -0.1843  0.0130 12,896.5048 17,474.3587  -2,567.8427  2159      0.0456          4
8            uscita dopo 2 giorni      IS   0.0005  0.0001  0.0212  0.0087 10,333.9094  7,680.8728  -2,027.8451   908      0.0740          7
9            uscita dopo 2 giorni     VAL  -0.0026 -0.0006 -0.2499  0.0078  2,052.0536  3,980.0547  -1,173.4966   515      0.0831          5
10           uscita dopo 2 giorni     OOS   0.0078  0.0023  0.7513  0.0047 13,848.8282  3,122.0428  -1,417.2581   396      0.0760          8
11           uscita dopo 2 giorni    FULL   0.0060  0.0004  0.1280  0.0087 26,557.2621 14,770.0554  -4,630.0138  1820      0.0767          8
12           uscita dopo 5 giorni      IS  -0.0139 -0.0018 -0.3589  0.0179 -6,801.7861  5,780.9866  -3,807.8173   698      0.1413          2
13           uscita dopo 5 giorni     VAL   0.0015  0.0004  0.0978  0.0060  6,467.5398  2,963.9774  -2,175.3249   382      0.1573          7
14           uscita dopo 5 giorni     OOS   0.0025  0.0007  0.1646  0.0099  7,484.2318  2,332.6704  -2,651.0361   301      0.1448          7
15           uscita dopo 5 giorni    FULL  -0.0084 -0.0005 -0.1184  0.0179  8,797.0238 10,988.6353  -8,600.6774  1379      0.1460          6
16         TP giornaliero 0.5 ATR      IS   0.0112  0.0014  0.4866  0.0050 23,005.7540  7,220.1480  -1,889.4932   889      0.0690          8
17         TP giornaliero 0.5 ATR     VAL   0.0057  0.0014  0.5171  0.0062 11,019.7977  3,574.1246  -1,119.2776   471      0.0947          8
18         TP giornaliero 0.5 ATR     OOS   0.0085  0.0025  0.9600  0.0035 14,041.5212  3,041.3640  -1,265.1443   392      0.0763          8
19         TP giornaliero 0.5 ATR    FULL   0.0265  0.0017  0.6124  0.0062 49,418.3963 13,934.6058  -4,320.6388  1753      0.0772          9
20           TP giornaliero 1 ATR      IS  -0.0087 -0.0011 -0.1854  0.0188 -2,636.5107  4,950.1130  -4,052.0807   616      0.2242          5
21           TP giornaliero 1 ATR     VAL   0.0036  0.0009  0.1807  0.0106  9,510.3593  2,412.9031  -2,997.3062   324      0.2547          7
22           TP giornaliero 1 ATR     OOS   0.0083  0.0025  0.5248  0.0077 15,300.1023  1,951.3285  -3,175.4108   260      0.2216          7
23           TP giornaliero 1 ATR    FULL   0.0053  0.0003  0.0665  0.0188 24,682.0476  9,239.6893 -10,252.2936  1198      0.2323          7
24         TP 0.5 ATR + spread x3    FULL   0.0154  0.0010  0.3623  0.0071 48,958.3792 26,760.8227  -4,281.9961  1753      0.0772          8
25       TP 0.5 ATR + slippage x3    FULL   0.0170  0.0011  0.3989  0.0069 49,038.5013 24,924.0629  -4,286.5178  1753      0.0772          8
26  TP 0.5 ATR + tutto peggiorato    FULL   0.0058  0.0004  0.1386  0.0082 48,647.8328 32,055.1068 -10,177.2150  1753      0.0772          6
